gama.library/models/Data/Data Exportation/results/grid.asc
ncols         50
nrows         50
xllcorner     0.0
yllcorner     0.0
cellsize      2.0
28.0 232.0 35.0 214.0 241.0 181.0 56.0 254.0 180.0 52.0 119.0 7.0 104.0 154.0 160.0 232.0 9.0 196.0 134.0 4.0 168.0 131.0 207.0 12.0 35.0 240.0 230.0 98.0 145.0 144.0 83.0 48.0 211.0 84.0 248.0 113.0 217.0 205.0 135.0 147.0 105.0 132.0 173.0 182.0 29.0 216.0 23.0 51.0 81.0 223.0 
102.0 211.0 113.0 118.0 149.0 16.0 4.0 0.0 44.0 196.0 66.0 107.0 216.0 238.0 184.0 196.0 126.0 150.0 210.0 228.0 43.0 91.0 177.0 219.0 101.0 252.0 164.0 75.0 128.0 250.0 63.0 77.0 168.0 106.0 150.0 93.0 36.0 102.0 172.0 119.0 55.0 152.0 138.0 204.0 189.0 35.0 173.0 110.0 49.0 144.0 
212.0 222.0 124.0 98.0 37.0 190.0 27.0 182.0 213.0 172.0 213.0 174.0 67.0 246.0 45.0 96.0 110.0 18.0 36.0 179.0 74.0 128.0 201.0 241.0 65.0 115.0 20.0 176.0 145.0 170.0 134.0 146.0 225.0 199.0 169.0 82.0 131.0 239.0 90.0 243.0 104.0 172.0 75.0 7.0 178.0 204.0 207.0 189.0 27.0 117.0 
46.0 253.0 72.0 206.0 93.0 139.0 10.0 90.0 234.0 107.0 98.0 143.0 61.0 159.0 215.0 85.0 59.0 203.0 36.0 210.0 96.0 180.0 24.0 74.0 36.0 37.0 139.0 254.0 93.0 142.0 250.0 132.0 233.0 159.0 91.0 164.0 115.0 42.0 14.0 168.0 183.0 220.0 164.0 199.0 1.0 190.0 124.0 171.0 214.0 243.0 
179.0 27.0 19.0 232.0 0.0 99.0 189.0 253.0 130.0 120.0 215.0 174.0 81.0 195.0 118.0 129.0 227.0 32.0 29.0 55.0 255.0 227.0 22.0 72.0 9.0 171.0 67.0 99.0 212.0 87.0 60.0 79.0 39.0 183.0 35.0 169.0 56.0 130.0 231.0 245.0 67.0 153.0 228.0 213.0 65.0 220.0 13.0 141.0 123.0 196.0 
199.0 156.0 88.0 96.0 178.0 243.0 90.0 159.0 84.0 30.0 169.0 149.0 147.0 217.0 247.0 240.0 124.0 185.0 187.0 243.0 122.0 207.0 251.0 44.0 150.0 229.0 243.0 127.0 224.0 95.0 211.0 64.0 71.0 229.0 217.0 244.0 130.0 169.0 155.0 164.0 194.0 134.0 93.0 209.0 231.0 82.0 145.0 219.0 238.0 65.0 
126.0 17.0 35.0 208.0 33.0 164.0 93.0 119.0 6.0 131.0 69.0 68.0 201.0 121.0 34.0 151.0 70.0 233.0 50.0 124.0 118.0 58.0 240.0 105.0 251.0 102.0 236.0 218.0 23.0 1.0 24.0 206.0 214.0 221.0 126.0 31.0 122.0 143.0 72.0 169.0 68.0 71.0 17.0 100.0 188.0 213.0 28.0 212.0 105.0 41.0 
223.0 211.0 223.0 114.0 245.0 57.0 131.0 161.0 2.0 197.0 79.0 71.0 150.0 140.0 19.0 202.0 100.0 110.0 100.0 89.0 124.0 44.0 137.0 87.0 65.0 66.0 40.0 192.0 3.0 50.0 82.0 179.0 6.0 167.0 252.0 76.0 182.0 183.0 124.0 2.0 123.0 173.0 222.0 21.0 104.0 196.0 97.0 207.0 129.0 224.0 
88.0 61.0 242.0 140.0 250.0 72.0 217.0 104.0 121.0 125.0 182.0 222.0 210.0 78.0 182.0 12.0 79.0 77.0 63.0 226.0 195.0 190.0 25.0 204.0 190.0 196.0 161.0 156.0 232.0 189.0 39.0 45.0 183.0 128.0 114.0 198.0 110.0 221.0 10.0 100.0 38.0 36.0 117.0 245.0 61.0 117.0 8.0 246.0 25.0 90.0 
97.0 36.0 152.0 126.0 213.0 142.0 247.0 70.0 82.0 17.0 40.0 201.0 97.0 6.0 206.0 236.0 206.0 13.0 33.0 102.0 151.0 245.0 5.0 248.0 108.0 34.0 105.0 141.0 205.0 63.0 3.0 209.0 141.0 190.0 238.0 97.0 224.0 104.0 149.0 12.0 179.0 53.0 157.0 98.0 69.0 189.0 30.0 139.0 91.0 220.0 
165.0 100.0 116.0 139.0 229.0 229.0 122.0 128.0 239.0 84.0 133.0 234.0 8.0 226.0 238.0 120.0 253.0 64.0 235.0 236.0 222.0 49.0 142.0 174.0 154.0 66.0 136.0 41.0 225.0 155.0 177.0 67.0 9.0 101.0 169.0 240.0 99.0 80.0 65.0 174.0 165.0 148.0 146.0 169.0 150.0 42.0 196.0 139.0 14.0 42.0 
163.0 30.0 204.0 231.0 238.0 113.0 107.0 190.0 84.0 201.0 216.0 202.0 161.0 112.0 84.0 44.0 124.0 72.0 2.0 32.0 111.0 52.0 99.0 17.0 167.0 163.0 253.0 136.0 2.0 211.0 139.0 44.0 122.0 13.0 194.0 25.0 8.0 191.0 178.0 87.0 86.0 45.0 73.0 177.0 117.0 132.0 41.0 13.0 204.0 63.0 
131.0 2.0 73.0 32.0 255.0 189.0 130.0 123.0 16.0 58.0 39.0 52.0 81.0 76.0 167.0 161.0 132.0 92.0 99.0 103.0 10.0 140.0 22.0 154.0 77.0 138.0 102.0 152.0 190.0 146.0 185.0 130.0 124.0 248.0 118.0 221.0 141.0 41.0 217.0 144.0 14.0 55.0 87.0 82.0 57.0 205.0 108.0 183.0 112.0 17.0 
75.0 59.0 225.0 236.0 136.0 238.0 85.0 45.0 93.0 16.0 8.0 89.0 134.0 115.0 47.0 32.0 13.0 87.0 224.0 54.0 145.0 136.0 204.0 195.0 188.0 116.0 239.0 177.0 151.0 117.0 241.0 212.0 115.0 214.0 155.0 100.0 222.0 198.0 241.0 67.0 234.0 38.0 43.0 55.0 190.0 29.0 159.0 190.0 221.0 85.0 
69.0 4.0 49.0 17.0 24.0 79.0 28.0 184.0 251.0 121.0 69.0 218.0 59.0 34.0 233.0 147.0 240.0 215.0 159.0 226.0 217.0 199.0 130.0 182.0 40.0 152.0 147.0 110.0 238.0 130.0 250.0 21.0 134.0 40.0 147.0 233.0 100.0 140.0 185.0 126.0 20.0 38.0 233.0 155.0 63.0 68.0 58.0 204.0 141.0 230.0 
246.0 208.0 50.0 186.0 247.0 78.0 207.0 35.0 133.0 166.0 235.0 23.0 136.0 47.0 42.0 24.0 218.0 33.0 169.0 201.0 102.0 21.0 173.0 123.0 138.0 52.0 227.0 119.0 227.0 90.0 239.0 10.0 74.0 199.0 21.0 30.0 55.0 123.0 234.0 153.0 69.0 15.0 240.0 231.0 197.0 170.0 238.0 224.0 163.0 166.0 
147.0 138.0 233.0 169.0 198.0 127.0 72.0 59.0 123.0 85.0 247.0 78.0 136.0 223.0 11.0 215.0 88.0 48.0 69.0 82.0 178.0 245.0 214.0 244.0 248.0 39.0 86.0 95.0 141.0 18.0 120.0 0.0 229.0 97.0 144.0 112.0 250.0 60.0 36.0 252.0 125.0 128.0 15.0 240.0 25.0 184.0 205.0 70.0 151.0 222.0 
116.0 68.0 121.0 209.0 243.0 212.0 245.0 33.0 210.0 151.0 185.0 248.0 136.0 94.0 34.0 8.0 19.0 22.0 207.0 194.0 251.0 71.0 124.0 137.0 115.0 254.0 85.0 112.0 147.0 59.0 117.0 132.0 227.0 39.0 156.0 5.0 175.0 215.0 101.0 184.0 139.0 228.0 92.0 3.0 148.0 215.0 116.0 189.0 169.0 108.0 
67.0 104.0 208.0 137.0 92.0 29.0 132.0 38.0 188.0 124.0 105.0 158.0 42.0 228.0 58.0 129.0 176.0 134.0 92.0 135.0 49.0 57.0 158.0 63.0 23.0 126.0 37.0 240.0 208.0 211.0 103.0 85.0 160.0 77.0 76.0 35.0 203.0 104.0 106.0 198.0 193.0 59.0 51.0 68.0 70.0 95.0 162.0 28.0 245.0 141.0 
171.0 190.0 187.0 94.0 56.0 105.0 4.0 128.0 0.0 100.0 100.0 149.0 217.0 243.0 136.0 26.0 130.0 252.0 247.0 198.0 253.0 232.0 35.0 135.0 196.0 76.0 187.0 109.0 2.0 205.0 3.0 244.0 18.0 227.0 59.0 156.0 40.0 133.0 174.0 27.0 216.0 35.0 54.0 90.0 223.0 19.0 67.0 1.0 242.0 84.0 
136.0 165.0 242.0 126.0 142.0 135.0 44.0 204.0 33.0 89.0 121.0 133.0 183.0 213.0 109.0 91.0 84.0 166.0 163.0 246.0 91.0 208.0 66.0 158.0 19.0 223.0 200.0 220.0 80.0 1.0 205.0 226.0 212.0 180.0 70.0 228.0 124.0 192.0 81.0 177.0 65.0 57.0 27.0 158.0 103.0 116.0 226.0 64.0 239.0 63.0 
86.0 124.0 129.0 61.0 233.0 74.0 177.0 222.0 172.0 188.0 55.0 102.0 119.0 33.0 87.0 70.0 229.0 150.0 81.0 103.0 190.0 231.0 217.0 37.0 237.0 100.0 78.0 86.0 5.0 82.0 74.0 57.0 173.0 146.0 140.0 16.0 253.0 99.0 25.0 237.0 10.0 148.0 145.0 138.0 77.0 230.0 109.0 4.0 159.0 52.0 
192.0 242.0 184.0 188.0 166.0 180.0 29.0 232.0 59.0 169.0 58.0 52.0 89.0 201.0 96.0 10.0 218.0 60.0 236.0 243.0 77.0 147.0 158.0 39.0 97.0 214.0 164.0 59.0 68.0 204.0 71.0 188.0 99.0 232.0 147.0 136.0 168.0 179.0 127.0 10.0 130.0 227.0 90.0 218.0 86.0 6.0 62.0 236.0 250.0 97.0 
83.0 24.0 46.0 162.0 130.0 198.0 153.0 6.0 15.0 110.0 26.0 228.0 40.0 5.0 158.0 242.0 64.0 145.0 173.0 31.0 72.0 200.0 44.0 163.0 146.0 67.0 157.0 186.0 54.0 145.0 47.0 134.0 47.0 137.0 167.0 207.0 136.0 61.0 240.0 164.0 226.0 106.0 173.0 93.0 173.0 131.0 192.0 48.0 37.0 46.0 
21.0 94.0 10.0 200.0 99.0 212.0 142.0 106.0 191.0 104.0 167.0 4.0 42.0 6.0 84.0 88.0 16.0 143.0 208.0 1.0 241.0 209.0 246.0 75.0 248.0 188.0 73.0 61.0 95.0 198.0 49.0 49.0 220.0 185.0 240.0 41.0 35.0 10.0 212.0 128.0 221.0 149.0 232.0 155.0 13.0 196.0 30.0 254.0 218.0 45.0 
171.0 159.0 71.0 66.0 169.0 50.0 39.0 231.0 168.0 16.0 249.0 174.0 42.0 135.0 224.0 17.0 54.0 144.0 42.0 42.0 109.0 94.0 61.0 82.0 17.0 213.0 170.0 152.0 99.0 152.0 114.0 34.0 178.0 101.0 77.0 129.0 38.0 93.0 209.0 78.0 22.0 38.0 210.0 206.0 68.0 34.0 101.0 225.0 230.0 112.0 
39.0 68.0 197.0 59.0 36.0 5.0 14.0 123.0 0.0 3.0 171.0 116.0 103.0 180.0 32.0 83.0 225.0 110.0 228.0 122.0 108.0 81.0 44.0 188.0 20.0 64.0 245.0 27.0 228.0 111.0 214.0 160.0 40.0 187.0 208.0 162.0 231.0 114.0 225.0 248.0 251.0 35.0 158.0 209.0 217.0 202.0 114.0 69.0 111.0 4.0 
108.0 61.0 7.0 234.0 186.0 20.0 47.0 237.0 5.0 24.0 10.0 72.0 222.0 32.0 74.0 159.0 107.0 165.0 75.0 6.0 51.0 250.0 119.0 221.0 185.0 229.0 25.0 6.0 60.0 100.0 64.0 85.0 91.0 54.0 61.0 152.0 246.0 191.0 118.0 87.0 228.0 242.0 5.0 251.0 87.0 44.0 169.0 86.0 4.0 86.0 
20.0 92.0 30.0 79.0 120.0 86.0 68.0 38.0 145.0 33.0 74.0 210.0 13.0 207.0 164.0 228.0 116.0 137.0 225.0 15.0 3.0 175.0 61.0 155.0 8.0 15.0 215.0 132.0 141.0 119.0 119.0 121.0 226.0 14.0 56.0 255.0 177.0 159.0 129.0 201.0 239.0 128.0 248.0 148.0 204.0 188.0 24.0 14.0 77.0 0.0 
248.0 218.0 207.0 36.0 200.0 65.0 20.0 65.0 39.0 0.0 222.0 239.0 54.0 123.0 70.0 179.0 223.0 173.0 61.0 168.0 34.0 142.0 137.0 19.0 207.0 195.0 191.0 4.0 34.0 84.0 93.0 0.0 27.0 119.0 24.0 115.0 92.0 178.0 254.0 247.0 132.0 87.0 204.0 96.0 171.0 164.0 26.0 53.0 193.0 52.0 
163.0 113.0 251.0 191.0 5.0 103.0 94.0 250.0 196.0 45.0 211.0 6.0 39.0 55.0 187.0 249.0 252.0 188.0 72.0 9.0 184.0 254.0 23.0 47.0 198.0 195.0 218.0 148.0 22.0 78.0 173.0 128.0 16.0 125.0 246.0 123.0 67.0 7.0 87.0 254.0 227.0 155.0 27.0 60.0 81.0 34.0 71.0 177.0 90.0 145.0 
221.0 136.0 214.0 130.0 179.0 107.0 163.0 75.0 68.0 239.0 171.0 92.0 152.0 176.0 222.0 129.0 70.0 54.0 126.0 15.0 234.0 178.0 31.0 22.0 87.0 39.0 26.0 126.0 207.0 227.0 242.0 69.0 77.0 200.0 88.0 71.0 204.0 183.0 20.0 131.0 15.0 87.0 21.0 98.0 239.0 115.0 74.0 85.0 218.0 131.0 
185.0 7.0 96.0 61.0 132.0 135.0 12.0 168.0 21.0 233.0 251.0 204.0 194.0 131.0 178.0 21.0 173.0 33.0 183.0 83.0 85.0 179.0 97.0 161.0 186.0 86.0 26.0 160.0 122.0 39.0 17.0 20.0 100.0 255.0 248.0 127.0 120.0 250.0 237.0 37.0 28.0 211.0 43.0 218.0 168.0 24.0 106.0 27.0 0.0 177.0 
33.0 39.0 24.0 123.0 12.0 76.0 185.0 169.0 80.0 27.0 187.0 237.0 171.0 5.0 69.0 230.0 253.0 184.0 71.0 224.0 32.0 160.0 139.0 160.0 236.0 43.0 61.0 13.0 166.0 198.0 185.0 89.0 205.0 9.0 184.0 190.0 107.0 49.0 198.0 14.0 155.0 236.0 253.0 17.0 1.0 94.0 155.0 34.0 40.0 121.0 
245.0 145.0 191.0 9.0 181.0 22.0 154.0 73.0 250.0 238.0 66.0 106.0 74.0 122.0 144.0 78.0 166.0 186.0 135.0 125.0 65.0 138.0 40.0 159.0 151.0 106.0 114.0 215.0 138.0 106.0 56.0 206.0 78.0 12.0 157.0 215.0 155.0 6.0 84.0 41.0 147.0 101.0 207.0 39.0 50.0 234.0 135.0 150.0 26.0 109.0 
124.0 228.0 140.0 179.0 207.0 225.0 67.0 103.0 26.0 224.0 191.0 228.0 202.0 174.0 48.0 249.0 70.0 216.0 231.0 51.0 34.0 104.0 150.0 4.0 242.0 142.0 71.0 176.0 154.0 219.0 0.0 56.0 27.0 23.0 163.0 67.0 227.0 94.0 93.0 131.0 200.0 230.0 89.0 117.0 124.0 169.0 33.0 231.0 71.0 78.0 
27.0 126.0 95.0 198.0 79.0 91.0 236.0 135.0 60.0 250.0 50.0 188.0 42.0 190.0 202.0 121.0 241.0 218.0 54.0 219.0 100.0 247.0 41.0 214.0 18.0 99.0 65.0 209.0 26.0 211.0 173.0 60.0 20.0 75.0 106.0 231.0 226.0 71.0 119.0 119.0 103.0 90.0 51.0 11.0 188.0 4.0 176.0 23.0 109.0 14.0 
106.0 151.0 186.0 166.0 68.0 229.0 160.0 41.0 1.0 236.0 152.0 231.0 203.0 0.0 181.0 47.0 140.0 76.0 171.0 130.0 210.0 163.0 204.0 59.0 61.0 155.0 223.0 213.0 12.0 213.0 234.0 173.0 124.0 231.0 161.0 88.0 40.0 146.0 98.0 146.0 111.0 221.0 234.0 119.0 60.0 41.0 233.0 215.0 37.0 148.0 
225.0 120.0 24.0 217.0 95.0 159.0 34.0 77.0 174.0 99.0 229.0 239.0 179.0 76.0 139.0 18.0 121.0 32.0 224.0 240.0 72.0 19.0 44.0 85.0 194.0 73.0 39.0 136.0 209.0 49.0 25.0 247.0 114.0 86.0 211.0 79.0 146.0 20.0 165.0 93.0 100.0 39.0 227.0 164.0 96.0 13.0 232.0 113.0 69.0 23.0 
168.0 39.0 243.0 99.0 27.0 190.0 2.0 17.0 192.0 137.0 67.0 214.0 120.0 4.0 33.0 88.0 206.0 207.0 20.0 239.0 114.0 238.0 205.0 1.0 121.0 49.0 241.0 170.0 95.0 200.0 101.0 71.0 95.0 58.0 37.0 84.0 0.0 105.0 205.0 54.0 14.0 200.0 123.0 179.0 108.0 159.0 235.0 99.0 39.0 24.0 
223.0 199.0 90.0 217.0 248.0 158.0 66.0 5.0 32.0 189.0 194.0 233.0 149.0 222.0 59.0 13.0 99.0 238.0 89.0 251.0 213.0 209.0 239.0 227.0 24.0 242.0 99.0 59.0 159.0 205.0 168.0 134.0 126.0 42.0 209.0 188.0 31.0 20.0 173.0 52.0 251.0 75.0 182.0 139.0 49.0 161.0 186.0 172.0 220.0 198.0 
126.0 27.0 236.0 238.0 87.0 147.0 79.0 36.0 122.0 93.0 194.0 115.0 82.0 245.0 146.0 155.0 166.0 65.0 222.0 197.0 215.0 49.0 187.0 138.0 186.0 109.0 176.0 153.0 216.0 206.0 149.0 154.0 244.0 93.0 210.0 14.0 214.0 0.0 98.0 169.0 41.0 84.0 173.0 9.0 57.0 230.0 152.0 201.0 0.0 179.0 
156.0 131.0 180.0 189.0 220.0 239.0 122.0 173.0 101.0 10.0 130.0 151.0 201.0 39.0 18.0 115.0 67.0 235.0 93.0 85.0 91.0 90.0 45.0 55.0 238.0 174.0 142.0 231.0 247.0 5.0 153.0 196.0 65.0 237.0 113.0 35.0 114.0 114.0 81.0 109.0 125.0 160.0 71.0 167.0 153.0 68.0 213.0 149.0 74.0 114.0 
62.0 150.0 1.0 115.0 182.0 38.0 226.0 184.0 251.0 53.0 64.0 4.0 55.0 161.0 29.0 18.0 21.0 168.0 196.0 28.0 27.0 170.0 65.0 226.0 77.0 85.0 233.0 61.0 251.0 54.0 205.0 13.0 112.0 184.0 13.0 186.0 206.0 196.0 155.0 202.0 49.0 165.0 184.0 205.0 108.0 58.0 29.0 85.0 105.0 66.0 
31.0 205.0 63.0 89.0 145.0 224.0 133.0 57.0 146.0 104.0 103.0 232.0 91.0 30.0 18.0 240.0 168.0 236.0 9.0 243.0 249.0 33.0 187.0 197.0 34.0 253.0 141.0 209.0 59.0 136.0 22.0 142.0 239.0 71.0 246.0 204.0 167.0 44.0 27.0 242.0 193.0 2.0 176.0 145.0 64.0 195.0 51.0 80.0 24.0 97.0 
109.0 214.0 14.0 43.0 22.0 68.0 193.0 55.0 238.0 201.0 39.0 84.0 11.0 4.0 24.0 116.0 221.0 68.0 22.0 2.0 47.0 40.0 162.0 71.0 6.0 211.0 210.0 214.0 204.0 149.0 195.0 252.0 157.0 9.0 189.0 81.0 254.0 151.0 163.0 229.0 96.0 177.0 63.0 213.0 34.0 111.0 139.0 246.0 188.0 216.0 
4.0 191.0 193.0 215.0 70.0 203.0 73.0 189.0 254.0 46.0 12.0 65.0 92.0 76.0 72.0 33.0 148.0 17.0 7.0 221.0 39.0 45.0 232.0 146.0 181.0 127.0 253.0 157.0 30.0 233.0 143.0 140.0 178.0 145.0 235.0 203.0 204.0 19.0 100.0 181.0 27.0 36.0 215.0 239.0 96.0 254.0 207.0 108.0 243.0 69.0 
107.0 6.0 197.0 40.0 191.0 123.0 6.0 62.0 50.0 89.0 162.0 241.0 217.0 179.0 53.0 104.0 77.0 112.0 198.0 111.0 233.0 168.0 245.0 78.0 137.0 231.0 204.0 127.0 52.0 230.0 99.0 190.0 33.0 55.0 19.0 99.0 136.0 81.0 164.0 213.0 167.0 160.0 63.0 129.0 39.0 136.0 118.0 39.0 202.0 206.0 
225.0 18.0 238.0 118.0 33.0 133.0 251.0 246.0 21.0 233.0 69.0 129.0 61.0 14.0 47.0 112.0 15.0 145.0 207.0 220.0 234.0 130.0 56.0 18.0 2.0 100.0 225.0 12.0 114.0 21.0 113.0 212.0 206.0 109.0 36.0 160.0 138.0 38.0 199.0 126.0 92.0 44.0 5.0 151.0 133.0 157.0 63.0 111.0 166.0 133.0 
197.0 15.0 69.0 223.0 154.0 172.0 192.0 136.0 81.0 39.0 187.0 143.0 184.0 219.0 103.0 201.0 55.0 51.0 62.0 144.0 198.0 212.0 234.0 118.0 89.0 178.0 9.0 251.0 109.0 217.0 121.0 113.0 54.0 157.0 169.0 3.0 127.0 187.0 36.0 6.0 241.0 0.0 53.0 250.0 234.0 109.0 22.0 27.0 103.0 247.0 
