MORRIS ANALYSIS :

Result for output :nb_recovered=[200.0, 450.0, 450.0, 450.0, 450.0, 450.0, 85.0, 92.0, 65.0, 100.0, 350.0, 350.0, 400.0, 150.0, 1.0, 28.0, 28.0, 28.0, 150.0, 400.0, 400.0, 400.0, 400.0, 400.0, 400.0, 400.0, 400.0, 400.0, 150.0, 150.0, 400.0, 400.0, 400.0, 400.0, 400.0, 150.0, 245.0, 240.0, 500.0, 500.0, 500.0, 500.0, 50.0, 300.0, 276.0, 300.0, 299.0, 158.0, 350.0, 350.0, 350.0, 347.0, 349.0, 76.0, 23.0, 23.0, 23.0, 23.0, 50.0, 500.0, 240.0, 250.0, 250.0, 247.0, 250.0, 500.0, 350.0, 350.0, 350.0, 100.0, 17.0, 45.0, 400.0, 150.0, 150.0, 145.0, 150.0, 150.0, 39.0, 123.0, 300.0, 50.0, 50.0, 50.0, 400.0, 133.0, 150.0, 150.0, 150.0, 150.0, 200.0, 200.0, 200.0, 200.0, 450.0, 412.0, 450.0, 450.0, 450.0, 200.0, 200.0, 200.0, 200.0, 1.0, 28.0, 28.0, 28.0, 28.0, 100.0, 100.0, 100.0, 100.0, 350.0, 350.0, 250.0, 250.0, 250.0, 500.0, 500.0, 500.0, 6.0, 6.0, 6.0, 34.0, 34.0, 391.0, 100.0, 350.0, 350.0, 350.0, 350.0, 350.0, 350.0, 350.0, 100.0, 100.0, 100.0, 100.0, 98.0, 100.0, 350.0, 350.0, 350.0, 350.0, 20.0, 50.0, 50.0, 50.0, 300.0, 28.0, 200.0, 200.0, 200.0, 200.0, 200.0, 450.0, 500.0, 500.0, 500.0, 248.0, 227.0, 190.0, 28.0, 300.0, 300.0, 50.0, 6.0, 17.0, 100.0, 100.0, 100.0, 350.0, 350.0, 350.0, 68.0, 96.0, 69.0, 74.0, 100.0, 350.0, 41.0, 50.0, 50.0, 300.0, 300.0, 300.0, 76.0, 337.0, 350.0, 350.0, 350.0, 350.0, 250.0, 250.0, 250.0, 500.0, 500.0, 500.0, 75.0, 350.0, 350.0, 350.0, 100.0, 95.0, 250.0, 500.0, 500.0, 500.0, 500.0, 500.0, 149.0, 150.0, 150.0, 150.0, 150.0, 400.0, 300.0, 300.0, 300.0, 300.0, 300.0, 38.0, 7.0, 6.0, 87.0, 99.0, 100.0, 100.0, 49.0, 36.0, 50.0, 300.0, 300.0, 300.0, 46.0, 300.0, 300.0, 290.0, 300.0, 300.0, 450.0, 199.0, 164.0, 185.0, 196.0, 200.0, 45.0, 341.0, 350.0, 348.0, 350.0, 350.0, 200.0, 200.0, 200.0, 200.0, 200.0, 450.0, 146.0, 28.0, 1.0, 1.0, 1.0, 1.0, 200.0, 200.0, 200.0, 200.0, 200.0, 450.0, 97.0, 97.0, 350.0, 350.0, 350.0, 350.0, 423.0, 96.0, 154.0, 198.0, 195.0, 200.0, 190.0, 190.0, 199.0, 142.0, 394.0, 450.0, 6.0, 6.0, 6.0, 400.0, 400.0, 132.0, 300.0, 300.0, 300.0, 300.0, 46.0, 44.0]
µ :
	nb_agents : 413.316
	nb_infected_init : 10.223999999999998
	infection_rate : 88.88400000000001
	infection_distance : 30.816
	recovery_time : 14.940000000000003
µ * :
	nb_agents : 413.316
	nb_infected_init : 10.439999999999998
	infection_rate : 90.036
	infection_distance : 30.816
	recovery_time : 14.940000000000003
σ :
	nb_agents : 141.03899643107826
	nb_infected_init : 22.025722995384008
	infection_rate : 199.78093345319155
	infection_distance : 85.09030823250107
	recovery_time : 40.969321523823744
